1	0.000005
2	0.000003
3	0.000001
4	0.000001
5	0.000001
6	0.000002
7	0.000030
8	0.000003
9	0.000003
10	0.000003
11	0.000003
12	0.000004
13	0.000004
14	0.000004
15	0.000004
16	0.000004
17	0.000005
18	0.000006
19	0.000011
20	0.000007
21	0.000008
22	0.000009
23	0.000008
24	0.000010
25	0.000010
26	0.000012
27	0.000013
28	0.000009
29	0.000010
30	0.000012
31	0.000012
32	0.000012
33	0.000012
34	0.000013
35	0.000014
36	0.000015
37	0.000015
38	0.000015
39	0.000016
40	0.000017
41	0.000017
42	0.000018
43	0.000019
44	0.000024
45	0.000021
46	0.000022
47	0.000023
48	0.000023
49	0.000025
50	0.000026
51	0.000027
52	0.000028
53	0.000028
54	0.000030
55	0.000030
56	0.000031
57	0.000033
58	0.000034
59	0.000034
60	0.000036
61	0.000037
62	0.000041
63	0.000038
64	0.000040
65	0.000041
66	0.000045
67	0.000044
68	0.000045
69	0.000046
70	0.000048
71	0.000049
72	0.000051
73	0.000052
74	0.000056
75	0.000054
76	0.000056
77	0.000058
78	0.000059
79	0.000061
80	0.000062
81	0.000063
82	0.000065
83	0.000066
84	0.000067
85	0.000069
86	0.000074
87	0.000073
88	0.000074
89	0.000075
90	0.000077
91	0.000078
92	0.000080
93	0.000083
94	0.000084
95	0.000085
96	0.000101
97	0.000092
98	0.000091
99	0.000092
100	0.000094
101	0.000096
102	0.000098
103	0.000099
104	0.000102
105	0.000104
106	0.000109
107	0.000107
108	0.000108
109	0.000111
110	0.000112
111	0.000116
112	0.000117
113	0.000119
114	0.000120
115	0.000128
116	0.000126
117	0.000126
118	0.000131
119	0.000132
120	0.000134
121	0.000135
122	0.000138
123	0.000144
124	0.000162
125	0.000145
126	0.000147
127	0.000149
128	0.000151
129	0.000153
130	0.000156
131	0.000164
132	0.000160
133	0.000162
134	0.000164
135	0.000167
136	0.000170
137	0.000173
138	0.000175
139	0.000180
140	0.000181
141	0.000183
142	0.000186
143	0.000189
144	0.000247
145	0.000289
146	0.000302
147	0.000251
148	0.000260
149	0.000266
150	0.000257
151	0.000270
152	0.000288
153	0.000294
154	0.000279
155	0.000303
156	0.000260
157	0.000279
158	0.000259
159	0.000272
160	0.000279
161	0.000286
162	0.000242
163	0.000237
164	0.000227
165	0.000231
166	0.000235
167	0.000235
168	0.000255
169	0.000246
170	0.000244
171	0.000247
172	0.000249
173	0.000252
174	0.000254
175	0.000261
176	0.000260
177	0.000262
178	0.000266
179	0.000271
180	0.000308
181	0.000259
182	0.000259
183	0.000264
184	0.000266
185	0.000270
186	0.000275
187	0.000276
188	0.000279
189	0.000284
190	0.000285
191	0.000292
192	0.000367
193	0.000299
194	0.000336
195	0.000325
196	0.000312
197	0.000340
198	0.000307
199	0.000312
200	0.000314
201	0.000320
202	0.000359
203	0.000324
204	0.000328
205	0.000329
206	0.000336
207	0.000334
208	0.000339
209	0.000342
210	0.000345
211	0.000352
212	0.000356
213	0.000331
214	0.000334
215	0.000340
216	0.000346
217	0.000350
218	0.000350
219	0.000354
220	0.000360
221	0.000384
222	0.000484
223	0.000531
224	0.000531
225	0.000534
226	0.000532
227	0.000557
228	0.000520
229	0.000537
230	0.000528
231	0.000526
232	0.000543
233	0.000557
234	0.000555
235	0.000545
236	0.000552
237	0.000558
238	0.000567
239	0.000577
240	0.000528
241	0.000527
242	0.000534
243	0.000535
244	0.000538
245	0.000410
246	0.000470
247	0.000417
248	0.000421
249	0.000424
250	0.000430
251	0.000432
252	0.000435
253	0.000449
254	0.000419
255	0.000420
256	0.000424
257	0.000427
258	0.000432
259	0.000432
260	0.000436
261	0.000452
262	0.000445
263	0.000446
264	0.000449
265	0.000453
266	0.000458
267	0.000462
268	0.000470
269	0.000472
270	0.000474
271	0.000476
272	0.000477
273	0.000486
274	0.000485
275	0.000497
276	0.000467
277	0.000471
278	0.000471
279	0.000475
280	0.000478
281	0.000484
282	0.000490
283	0.000545
284	0.000499
285	0.000497
286	0.000503
287	0.000506
288	0.000519
289	0.000511
290	0.000515
291	0.000518
292	0.000522
293	0.000527
294	0.000537
295	0.000519
296	0.000507
297	0.000513
298	0.000517
299	0.000522
300	0.000526
301	0.000540
302	0.000532
303	0.000538
304	0.000539
305	0.000543
306	0.000552
307	0.000563
308	0.000554
309	0.000553
310	0.000560
311	0.000562
312	0.000566
313	0.000568
314	0.000548
315	0.000549
316	0.000553
317	0.000555
318	0.000560
319	0.000617
320	0.000769
321	0.000785
322	0.000789
323	0.000782
324	0.000794
325	0.000694
326	0.000714
327	0.000718
328	0.000738
329	0.000755
330	0.000724
331	0.000855
332	0.000829
333	0.000844
334	0.000857
335	0.000895
336	0.000895
337	0.000909
338	0.000874
339	0.000877
340	0.000848
341	0.000773
342	0.000590
343	0.000595
344	0.000664
345	0.000599
346	0.000608
347	0.000605
348	0.000615
349	0.000628
350	0.000923
351	0.000964
352	0.001011
353	0.000815
354	0.000808
355	0.000816
356	0.000819
357	0.000791
358	0.000745
359	0.000745
360	0.000869
361	0.000741
362	0.000722
363	0.000728
364	0.000731
365	0.000707
366	0.000536
367	0.000569
368	0.000538
369	0.000541
370	0.000545
371	0.000555
372	0.000561
373	0.000558
374	0.000560
375	0.000561
376	0.000567
377	0.000574
378	0.000573
379	0.000575
380	0.000583
381	0.000579
382	0.000581
383	0.000589
384	0.000566
385	0.000569
386	0.000574
387	0.000592
388	0.000595
389	0.000586
390	0.000589
391	0.000588
392	0.000592
393	0.000595
394	0.000602
395	0.000601
396	0.000603
397	0.000608
398	0.000615
399	0.000622
400	0.000622
401	0.000622
402	0.000623
403	0.000628
404	0.000626
405	0.000641
406	0.000637
407	0.000642
408	0.000644
409	0.000641
410	0.000654
411	0.000648
412	0.000663
413	0.000657
414	0.000658
415	0.000673
416	0.000666
417	0.000670
418	0.000672
419	0.000675
420	0.000682
421	0.000679
422	0.000688
423	0.000692
424	0.000699
425	0.000759
426	0.000767
427	0.000786
428	0.000736
429	0.000738
430	0.000762
431	0.000724
432	0.000764
433	0.000774
434	0.000762
435	0.000754
436	0.000755
437	0.000797
438	0.000794
439	0.000772
440	0.000780
441	0.000795
442	0.000791
443	0.001098
444	0.001100
445	0.001077
446	0.000937
447	0.000766
448	0.000773
449	0.000853
450	0.000842
451	0.000780
452	0.000785
453	0.000799
454	0.000794
455	0.001014
456	0.001088
457	0.001004
458	0.001162
459	0.001191
460	0.001277
461	0.001211
462	0.001271
463	0.001187
464	0.001216
465	0.001108
466	0.000853
467	0.000837
468	0.000853
469	0.000854
470	0.000819
471	0.000820
472	0.000869
473	0.000827
474	0.000831
475	0.000837
476	0.000884
477	0.000878
478	0.000920
479	0.000976
480	0.000891
481	0.000888
482	0.000891
483	0.000898
484	0.000909
485	0.000909
486	0.000906
487	0.000919
488	0.000915
489	0.000921
490	0.000921
491	0.000956
492	0.000930
493	0.001140
494	0.001316
495	0.001202
496	0.000951
497	0.000952
498	0.000952
499	0.000954
500	0.000962
501	0.000965
502	0.000973
503	0.000969
504	0.000982
505	0.000974
506	0.000983
507	0.001011
508	0.001071
509	0.001406
510	0.001419
511	0.001274
512	0.001004
513	0.001011
514	0.001013
515	0.001014
516	0.001033
517	0.001050
518	0.001029
519	0.001035
520	0.001037
521	0.001039
522	0.001221
523	0.001509
524	0.001470
525	0.001278
526	0.001071
527	0.001161
528	0.001033
529	0.001039
530	0.001080
531	0.001077
532	0.001060
533	0.001057
534	0.001054
535	0.001124
536	0.001194
537	0.001575
538	0.001526
539	0.001103
540	0.001079
541	0.001085
542	0.001085
543	0.001090
544	0.001146
545	0.001113
546	0.001104
547	0.001110
548	0.001111
549	0.001112
550	0.001176
551	0.001634
552	0.001564
553	0.001132
554	0.001137
555	0.001141
556	0.001141
557	0.001176
558	0.001222
559	0.001186
560	0.001160
561	0.001171
562	0.001412
563	0.001201
564	0.001600
565	0.001706
566	0.001315
567	0.001226
568	0.001236
569	0.001233
570	0.001250
571	0.001248
572	0.001231
573	0.001213
574	0.001221
575	0.001222
576	0.001244
577	0.001269
578	0.001235
579	0.001242
580	0.001244
581	0.001247
582	0.001253
583	0.001253
584	0.001300
585	0.001292
586	0.001319
587	0.001450
588	0.001322
589	0.001342
590	0.001329
591	0.001337
592	0.001341
593	0.001343
594	0.001350
595	0.001348
596	0.001355
597	0.001360
598	0.001366
599	0.001371
600	0.001388
601	0.001381
602	0.001383
603	0.001386
604	0.001454
605	0.001350
606	0.001360
607	0.001358
608	0.001423
609	0.001373
610	0.001374
611	0.001381
612	0.001385
613	0.001391
614	0.001393
615	0.001394
616	0.001432
617	0.001359
618	0.001368
619	0.001371
620	0.001375
621	0.001378
622	0.001430
623	0.001481
624	0.001503
625	0.001399
626	0.001409
627	0.001404
628	0.001409
629	0.001414
630	0.001423
631	0.001426
632	0.001516
633	0.001433
634	0.001666
635	0.002344
636	0.002267
637	0.002436
638	0.002295
639	0.002336
640	0.002454
641	0.002450
642	0.002463
643	0.002471
644	0.002479
645	0.002501
646	0.002541
647	0.002497
648	0.002518
649	0.002475
650	0.002434
651	0.002517
652	0.002497
653	0.002575
654	0.002552
655	0.002509
656	0.002542
657	0.002428
658	0.002409
659	0.002469
660	0.002461
661	0.002383
662	0.002191
663	0.001786
664	0.001623
665	0.001632
666	0.001638
667	0.001695
668	0.001771
669	0.001705
670	0.001715
671	0.001723
672	0.001709
673	0.001706
674	0.001686
675	0.001686
676	0.001685
677	0.001726
678	0.001751
679	0.001737
680	0.001706
681	0.001709
682	0.001753
683	0.001721
684	0.001851
685	0.001733
686	0.001738
687	0.001739
688	0.001747
689	0.001746
690	0.001754
691	0.001897
692	0.001827
693	0.001829
694	0.001836
695	0.001886
696	0.002321
697	0.001978
698	0.001858
699	0.001860
700	0.001919
701	0.002070
702	0.001887
703	0.001881
704	0.001889
705	0.001895
706	0.001898
707	0.002126
708	0.001931
709	0.001918
710	0.002254
711	0.002091
712	0.001963
713	0.002691
714	0.001981
715	0.001891
716	0.001892
717	0.001944
718	0.001969
719	0.001969
720	0.001986
721	0.002107
722	0.002061
723	0.002009
724	0.001998
725	0.002035
726	0.001955
727	0.001975
728	0.001990
729	0.002021
730	0.002057
731	0.002314
732	0.002058
733	0.002052
734	0.002065
735	0.002061
736	0.002066
737	0.002086
738	0.002105
739	0.002307
740	0.002070
741	0.002107
742	0.002102
743	0.002100
744	0.002110
745	0.002120
746	0.002293
747	0.002172
748	0.002143
749	0.002170
750	0.002144
751	0.002148
752	0.002167
753	0.002179
754	0.002378
755	0.002115
756	0.002106
757	0.002182
758	0.002119
759	0.002158
760	0.002223
761	0.002137
762	0.002419
763	0.002145
764	0.002209
765	0.002231
766	0.002354
767	0.002249
768	0.002268
769	0.002458
770	0.002270
771	0.002235
772	0.002277
773	0.002274
774	0.002289
775	0.002306
776	0.002532
777	0.002389
778	0.002264
779	0.002277
780	0.002240
781	0.002347
782	0.002336
783	0.002550
784	0.002283
785	0.002437
786	0.002394
787	0.002347
788	0.002384
789	0.002412
790	0.002582
791	0.002415
792	0.002313
793	0.002432
794	0.002416
795	0.002413
796	0.002416
797	0.002629
798	0.002378
799	0.002356
800	0.002455
801	0.002456
802	0.002415
803	0.002537
804	0.002547
805	0.002386
806	0.002433
807	0.002496
808	0.002501
809	0.002489
810	0.002718
811	0.002512
812	0.002507
813	0.002526
814	0.002542
815	0.002531
816	0.002546
817	0.002739
818	0.002544
819	0.002574
820	0.002587
821	0.002572
822	0.002567
823	0.002954
824	0.002630
825	0.002593
826	0.002637
827	0.002608
828	0.002605
829	0.002830
830	0.002545
831	0.002543
832	0.002627
833	0.002783
834	0.002648
835	0.002816
836	0.002665
837	0.002617
838	0.002630
839	0.002592
840	0.002595
841	0.002678
842	0.002618
843	0.002614
844	0.002671
845	0.002754
846	0.002890
847	0.002728
848	0.002739
849	0.002744
850	0.002749
851	0.002757
852	0.002704
853	0.002702
854	0.002685
855	0.002748
856	0.002696
857	0.002699
858	0.002715
859	0.002842
860	0.002849
861	0.002822
862	0.002755
863	0.002656
864	0.002662
865	0.002663
866	0.002673
867	0.002711
868	0.002684
869	0.002696
870	0.002698
871	0.002699
872	0.002713
873	0.002716
874	0.002720
875	0.002757
876	0.002736
877	0.002768
878	0.002762
879	0.002754
880	0.002762
881	0.002768
882	0.002768
883	0.002778
884	0.002782
885	0.002850
886	0.002882
887	0.002808
888	0.002839
889	0.002815
890	0.002848
891	0.002896
892	0.002977
893	0.003054
894	0.003042
895	0.003050
896	0.003056
897	0.003059
898	0.003064
899	0.003076
900	0.003078
901	0.003084
902	0.003088
903	0.003096
904	0.003192
905	0.003119
906	0.003099
907	0.003103
908	0.003035
909	0.003062
910	0.003045
911	0.003084
912	0.003172
913	0.003171
914	0.003176
915	0.003218
916	0.003197
917	0.003237
918	0.003226
919	0.003458
920	0.003119
921	0.003207
922	0.003183
923	0.003204
924	0.003436
925	0.003279
926	0.003181
927	0.003185
928	0.003187
929	0.003445
930	0.003294
931	0.003190
932	0.003212
933	0.003222
934	0.003499
935	0.003312
936	0.003229
937	0.003269
938	0.003231
939	0.003559
940	0.003246
941	0.003297
942	0.003529
943	0.003404
944	0.003640
945	0.003341
946	0.003313
947	0.003334
948	0.003387
949	0.003613
950	0.003452
951	0.003421
952	0.003371
953	0.003462
954	0.003789
955	0.007678
956	0.006851
957	0.007642
958	0.005183
959	0.006406
960	0.004886
961	0.004771
962	0.004602
963	0.004613
964	0.004680
965	0.004466
966	0.004319
967	0.004495
968	0.004201
969	0.004133
970	0.004119
971	0.004199
972	0.003994
973	0.003924
974	0.003870
975	0.004062
976	0.003773
977	0.003762
978	0.003714
979	0.003644
980	0.003876
981	0.003628
982	0.003681
983	0.003678
984	0.003920
985	0.003642
986	0.003714
987	0.003610
988	0.003618
989	0.003899
990	0.003716
991	0.003713
992	0.003722
993	0.004081
994	0.004684
995	0.004247
996	0.003774
997	0.004037
998	0.003800
999	0.003771
1000	0.003674
1001	0.003891
1002	0.003861
1003	0.003703
1004	0.003835
1005	0.003748
1006	0.003839
1007	0.003865
1008	0.003784
1009	0.003815
1010	0.003749
1011	0.003756
1012	0.003703
1013	0.003690
1014	0.003660
1015	0.003699
1016	0.003738
1017	0.003684
1018	0.003686
1019	0.003697
1020	0.003701
1021	0.003712
1022	0.003785
1023	0.003724
1024	0.003732
1025	0.003744
1026	0.003759
1027	0.003776
1028	0.003766
1029	0.004169
1030	0.004158
1031	0.004003
1032	0.003793
1033	0.003883
1034	0.003830
1035	0.003838
1036	0.003948
1037	0.003835
1038	0.003868
1039	0.003876
1040	0.003849
1041	0.003894
1042	0.003898
1043	0.003870
1044	0.003907
1045	0.003939
1046	0.003934
1047	0.003935
1048	0.004050
1049	0.003943
1050	0.004018
1051	0.003933
1052	0.003972
1053	0.003943
1054	0.004034
1055	0.004262
1056	0.004242
1057	0.004246
1058	0.004321
1059	0.004304
1060	0.004297
1061	0.004509
1062	0.004189
1063	0.004233
1064	0.004190
1065	0.004518
1066	0.004492
1067	0.004259
1068	0.004262
1069	0.004622
1070	0.004222
1071	0.004270
1072	0.004285
1073	0.004434
1074	0.004140
1075	0.004200
1076	0.004353
1077	0.004578
1078	0.004215
1079	0.004401
1080	0.005574
1081	0.004272
1082	0.004257
1083	0.004353
1084	0.004680
1085	0.004231
1086	0.004226
1087	0.004431
1088	0.004636
1089	0.004648
1090	0.004442
1091	0.004281
1092	0.004615
1093	0.004284
1094	0.004517
1095	0.004521
1096	0.004386
1097	0.004398
1098	0.004429
1099	0.004629
1100	0.004417
1101	0.004560
1102	0.004350
1103	0.004740
1104	0.004393
1105	0.004538
1106	0.004382
1107	0.004663
1108	0.004602
1109	0.004411
1110	0.004621
1111	0.004467
1112	0.005884
1113	0.004711
1114	0.004738
1115	0.005962
1116	0.004731
1117	0.004775
1118	0.006161
1119	0.004764
1120	0.004780
1121	0.004785
1122	0.004782
1123	0.004787
1124	0.004814
1125	0.004794
1126	0.004828
1127	0.004766
1128	0.004670
1129	0.004684
1130	0.004661
1131	0.004546
1132	0.004560
1133	0.004564
1134	0.004575
1135	0.004580
1136	0.004588
1137	0.004609
1138	0.004610
1139	0.004644
1140	0.004623
1141	0.004658
1142	0.004714
1143	0.004647
1144	0.004741
1145	0.004660
1146	0.004691
1147	0.004687
1148	0.004700
1149	0.004823
1150	0.004702
1151	0.004715
1152	0.004751
1153	0.004793
1154	0.004764
1155	0.004907
1156	0.005091
1157	0.005053
1158	0.004941
1159	0.004991
1160	0.004825
1161	0.004828
1162	0.004809
1163	0.004914
1164	0.004876
1165	0.004825
1166	0.005007
1167	0.005176
1168	0.005676
1169	0.005193
1170	0.005569
1171	0.005692
1172	0.006938
1173	0.005633
1174	0.005194
1175	0.005133
1176	0.006743
1177	0.005898
1178	0.006021
1179	0.007112
1180	0.005657
1181	0.007096
1182	0.006265
1183	0.006015
1184	0.005872
1185	0.005336
1186	0.006509
1187	0.005346
1188	0.005342
1189	0.005824
1190	0.005982
1191	0.005510
1192	0.006279
1193	0.005413
1194	0.006168
1195	0.005940
1196	0.005386
1197	0.006588
1198	0.005457
1199	0.005471
1200	0.006715
1201	0.005501
1202	0.006092
1203	0.006044
1204	0.005514
1205	0.006641
1206	0.005570
1207	0.005365
1208	0.006715
1209	0.005561
1210	0.005989
1211	0.006311
1212	0.005592
1213	0.006764
1214	0.005629
1215	0.005699
1216	0.007544
1217	0.007146
1218	0.005556
1219	0.005720
1220	0.005542
1221	0.005505
1222	0.005538
1223	0.005333
1224	0.005357
1225	0.005366
1226	0.005344
1227	0.005379
1228	0.005364
1229	0.005366
1230	0.005380
1231	0.005388
1232	0.005482
1233	0.005411
1234	0.005424
1235	0.005421
1236	0.005466
1237	0.005443
1238	0.005552
1239	0.005482
1240	0.005500
1241	0.005474
1242	0.005491
1243	0.005492
1244	0.005497
1245	0.005504
1246	0.005524
1247	0.005560
1248	0.005573
1249	0.005550
1250	0.005620
1251	0.007204
1252	0.007709
1253	0.005704
1254	0.005621
1255	0.005659
1256	0.005763
1257	0.005664
1258	0.007718
1259	0.005729
1260	0.005810
1261	0.006359
1262	0.007851
1263	0.005816
1264	0.005765
1265	0.006377
1266	0.006779
1267	0.006134
1268	0.007346
1269	0.006099
1270	0.007097
1271	0.006359
1272	0.006377
1273	0.007022
1274	0.006182
1275	0.007343
1276	0.006256
1277	0.006959
1278	0.006574
1279	0.006210
1280	0.006363
1281	0.006164
1282	0.006183
1283	0.006451
1284	0.006141
1285	0.006286
1286	0.006429
1287	0.006216
1288	0.007260
1289	0.006257
1290	0.006282
1291	0.006310
1292	0.006241
1293	0.006241
1294	0.006265
1295	0.008691
1296	0.008581
1297	0.006360
1298	0.006298
1299	0.009015
1300	0.009598
1301	0.009587
1302	0.009534
1303	0.009271
1304	0.008649
1305	0.006154
1306	0.006120
1307	0.006109
1308	0.006137
1309	0.006089
1310	0.006183
1311	0.006169
1312	0.006121
1313	0.006269
1314	0.006228
1315	0.006204
1316	0.006214
1317	0.006206
1318	0.006261
1319	0.006184
1320	0.006689
1321	0.006616
1322	0.006625
1323	0.006637
1324	0.006637
1325	0.006593
1326	0.006618
1327	0.006509
1328	0.006590
1329	0.006461
1330	0.006448
1331	0.006380
1332	0.006671
1333	0.006748
1334	0.006762
1335	0.006788
1336	0.006737
1337	0.006683
1338	0.007254
1339	0.007999
1340	0.008518
1341	0.006910
1342	0.006768
1343	0.006865
1344	0.006706
1345	0.006864
1346	0.006801
1347	0.006753
1348	0.006785
1349	0.006826
1350	0.006848
1351	0.006781
1352	0.006858
1353	0.006736
1354	0.006871
1355	0.006900
1356	0.006920
1357	0.006905
1358	0.006882
1359	0.006945
1360	0.006930
1361	0.006957
1362	0.006763
1363	0.006658
1364	0.006860
1365	0.006792
1366	0.006885
1367	0.006747
1368	0.006735
1369	0.006866
1370	0.006867
1371	0.007031
1372	0.006837
1373	0.006858
1374	0.006882
1375	0.006861
1376	0.006867
1377	0.006800
1378	0.006809
1379	0.006786
1380	0.006804
1381	0.006784
1382	0.006789
1383	0.006792
1384	0.006853
1385	0.006865
1386	0.006822
1387	0.006860
1388	0.006876
1389	0.006854
1390	0.006924
1391	0.006970
1392	0.006888
1393	0.006926
1394	0.007015
1395	0.007410
1396	0.007287
1397	0.007148
1398	0.007005
1399	0.007059
1400	0.007025
1401	0.006979
1402	0.007038
1403	0.007023
1404	0.007425
1405	0.007549
1406	0.007667
1407	0.007575
1408	0.007511
1409	0.007370
1410	0.007424
1411	0.007408
1412	0.007341
1413	0.007500
1414	0.007199
1415	0.007370
1416	0.007224
1417	0.007507
1418	0.007254
1419	0.007400
1420	0.007287
1421	0.007369
1422	0.007327
1423	0.007355
1424	0.007358
1425	0.007321
1426	0.007541
1427	0.007399
1428	0.007463
1429	0.007398
1430	0.007496
1431	0.007426
1432	0.007761
1433	0.007332
1434	0.007615
1435	0.007359
1436	0.007565
1437	0.007496
1438	0.007450
1439	0.007604
1440	0.007519
1441	0.007637
1442	0.007518
1443	0.007703
1444	0.007475
1445	0.007565
1446	0.007492
1447	0.007500
1448	0.007485
1449	0.007619
1450	0.007552
1451	0.007530
1452	0.007538
1453	0.007635
1454	0.007511
1455	0.007546
1456	0.007591
1457	0.007569
1458	0.007589
1459	0.007635
1460	0.007611
1461	0.007588
1462	0.007620
1463	0.007632
1464	0.007616
1465	0.007798
1466	0.008209
1467	0.008114
1468	0.007932
1469	0.007976
1470	0.007756
1471	0.008207
1472	0.008229
1473	0.008317
1474	0.008234
1475	0.008142
1476	0.008135
1477	0.008152
1478	0.008187
1479	0.008137
1480	0.008241
1481	0.008197
1482	0.008211
1483	0.008271
1484	0.008248
1485	0.008733
1486	0.008975
1487	0.009586
1488	0.008406
1489	0.009709
1490	0.008417
1491	0.009652
1492	0.008865
1493	0.009102
1494	0.009644
1495	0.008526
1496	0.009616
1497	0.008652
1498	0.009540
1499	0.009440
1500	0.008817
1501	0.009229
1502	0.008525
1503	0.008593
1504	0.008573
1505	0.008412
1506	0.008312
1507	0.008195
1508	0.008265
1509	0.008141
1510	0.008158
1511	0.008104
1512	0.008120
1513	0.008386
1514	0.008140
1515	0.008174
1516	0.008158
1517	0.008415
1518	0.008776
1519	0.008771
1520	0.008799
1521	0.008814
1522	0.008788
1523	0.008821
1524	0.008818
1525	0.009047
1526	0.008852
1527	0.008826
1528	0.008708
1529	0.009202
1530	0.008757
1531	0.008936
1532	0.008723
1533	0.008830
1534	0.008939
1535	0.008879
1536	0.010246
1537	0.009083
1538	0.008879
1539	0.008868
1540	0.008839
1541	0.008907
1542	0.009113
1543	0.009158
1544	0.009027
1545	0.008845
1546	0.009052
1547	0.009161
1548	0.008988
1549	0.008764
1550	0.009118
1551	0.009052
1552	0.009124
1553	0.009091
1554	0.009202
1555	0.009026
1556	0.008999
1557	0.008845
1558	0.009148
1559	0.008793
1560	0.009018
1561	0.008713
1562	0.008736
1563	0.008772
1564	0.008888
1565	0.008985
1566	0.008851
1567	0.009158
1568	0.009326
1569	0.009351
1570	0.010097
1571	0.012117
1572	0.010398
1573	0.009117
1574	0.009063
1575	0.009017
1576	0.009164
1577	0.009000
1578	0.008880
1579	0.008874
1580	0.009231
1581	0.009019
1582	0.009005
1583	0.009232
1584	0.009499
1585	0.009568
1586	0.009456
1587	0.009409
1588	0.009477
1589	0.009896
1590	0.009618
1591	0.009881
1592	0.009631
1593	0.009532
1594	0.009652
1595	0.009369
1596	0.009653
1597	0.009473
1598	0.009709
1599	0.009715
1600	0.009556
1601	0.009901
1602	0.009559
1603	0.009582
1604	0.009671
1605	0.009224
1606	0.009455
1607	0.009305
1608	0.009684
1609	0.009817
1610	0.009738
1611	0.009896
1612	0.010144
1613	0.009901
1614	0.009900
1615	0.009976
1616	0.009890
1617	0.009922
1618	0.009683
1619	0.009452
1620	0.009325
1621	0.009907
1622	0.009946
1623	0.009410
1624	0.009392
1625	0.009426
1626	0.009443
1627	0.009678
1628	0.009451
1629	0.009520
1630	0.009485
1631	0.009504
1632	0.009825
1633	0.010155
1634	0.010193
1635	0.010134
1636	0.010046
1637	0.010185
1638	0.009921
1639	0.010194
1640	0.009942
1641	0.010014
1642	0.010497
1643	0.010746
1644	0.009879
1645	0.009883
1646	0.009815
1647	0.009986
1648	0.010031
1649	0.009881
1650	0.010041
1651	0.009798
1652	0.010280
1653	0.010013
1654	0.009871
1655	0.010084
1656	0.009831
1657	0.010071
1658	0.010100
1659	0.009842
1660	0.010662
1661	0.011063
1662	0.010918
1663	0.011845
1664	0.010482
1665	0.010355
1666	0.010127
1667	0.009866
1668	0.009934
1669	0.010568
1670	0.009967
1671	0.009938
1672	0.010237
1673	0.010023
1674	0.010069
1675	0.010503
1676	0.010787
1677	0.010806
1678	0.010665
1679	0.010682
1680	0.010693
1681	0.010867
1682	0.010784
1683	0.010761
1684	0.010978
1685	0.012911
1686	0.011208
1687	0.012057
1688	0.011124
1689	0.011664
1690	0.012235
1691	0.011944
1692	0.010738
1693	0.012080
1694	0.012026
1695	0.011792
1696	0.011174
1697	0.012087
1698	0.010864
1699	0.011063
1700	0.010798
1701	0.010678
1702	0.010423
1703	0.010606
1704	0.011844
1705	0.011190
1706	0.011685
1707	0.012227
1708	0.012668
1709	0.011088
1710	0.010809
1711	0.010723
1712	0.010436
1713	0.010559
1714	0.010492
1715	0.010486
1716	0.010519
1717	0.010745
1718	0.010469
1719	0.010500
1720	0.010504
1721	0.010513
1722	0.010542
1723	0.010575
1724	0.010581
1725	0.011031
1726	0.011300
1727	0.011531
1728	0.011663
1729	0.011407
1730	0.013722
1731	0.011424
1732	0.012647
1733	0.012590
1734	0.012565
1735	0.013050
1736	0.011257
1737	0.011936
1738	0.012579
1739	0.012502
1740	0.011651
1741	0.012655
1742	0.012194
1743	0.011777
1744	0.011337
1745	0.011572
1746	0.011401
1747	0.011343
1748	0.011545
1749	0.011520
1750	0.011536
1751	0.011488
1752	0.011762
1753	0.011233
1754	0.011027
1755	0.010955
1756	0.010959
1757	0.011114
1758	0.011024
1759	0.011106
1760	0.011113
1761	0.011303
1762	0.011060
1763	0.011051
1764	0.011044
1765	0.011100
1766	0.011122
1767	0.011111
1768	0.011095
1769	0.011203
1770	0.011381
1771	0.011484
1772	0.011962
1773	0.012005
1774	0.011961
1775	0.011990
1776	0.011949
1777	0.011777
1778	0.012213
1779	0.011885
1780	0.011857
1781	0.012026
1782	0.011929
1783	0.011812
1784	0.011836
1785	0.011921
1786	0.012025
1787	0.012318
1788	0.011898
1789	0.011951
1790	0.012006
1791	0.011828
1792	0.011647
1793	0.011776
1794	0.011842
1795	0.012518
1796	0.012204
1797	0.012232
1798	0.012243
1799	0.012033
1800	0.011645
1801	0.011525
1802	0.011572
1803	0.011667
1804	0.012512
1805	0.011666
1806	0.011565
1807	0.011687
1808	0.011658
1809	0.011701
1810	0.011688
1811	0.011964
1812	0.012081
1813	0.012251
1814	0.011954
1815	0.012416
1816	0.012413
1817	0.012559
1818	0.012467
1819	0.012382
1820	0.013649
1821	0.012853
1822	0.012450
1823	0.012479
1824	0.012348
1825	0.012410
1826	0.012373
1827	0.012559
1828	0.012722
1829	0.012681
1830	0.012473
1831	0.012447
1832	0.012494
1833	0.012494
1834	0.012293
1835	0.012146
1836	0.013194
1837	0.012783
1838	0.012482
1839	0.012424
1840	0.012160
1841	0.012125
1842	0.012071
1843	0.012331
1844	0.012376
1845	0.012256
1846	0.012173
1847	0.012210
1848	0.012423
1849	0.012189
1850	0.012221
1851	0.012217
1852	0.012313
1853	0.012867
1854	0.013054
1855	0.012931
1856	0.012911
1857	0.013007
1858	0.013810
1859	0.014591
1860	0.015630
1861	0.013616
1862	0.014458
1863	0.014288
1864	0.014277
1865	0.013555
1866	0.013432
1867	0.014071
1868	0.014042
1869	0.017628
1870	0.016882
1871	0.014156
1872	0.013822
1873	0.013582
1874	0.013242
1875	0.012964
1876	0.012658
1877	0.012627
1878	0.012517
1879	0.012549
1880	0.012540
1881	0.012627
1882	0.012846
1883	0.012800
1884	0.012602
1885	0.012659
1886	0.012613
1887	0.012667
1888	0.012688
1889	0.012848
1890	0.013638
1891	0.014666
1892	0.013986
1893	0.013884
1894	0.013809
1895	0.014330
1896	0.013319
1897	0.014144
1898	0.014000
1899	0.013995
1900	0.013938
1901	0.013868
1902	0.013992
1903	0.013310
1904	0.013854
1905	0.013981
1906	0.014047
1907	0.014046
1908	0.014047
1909	0.014056
1910	0.013971
1911	0.023134
1912	0.021118
1913	0.019116
1914	0.016415
1915	0.016214
1916	0.014619
1917	0.013894
1918	0.013523
1919	0.013959
1920	0.013627
1921	0.013481
1922	0.014034
1923	0.013995
1924	0.013913
1925	0.014525
1926	0.014504
1927	0.014430
1928	0.014794
1929	0.014468
1930	0.014516
1931	0.014941
1932	0.013894
1933	0.013733
1934	0.014415
1935	0.014458
1936	0.014561
1937	0.016679
1938	0.014851
1939	0.014305
1940	0.014230
1941	0.014037
1942	0.013943
1943	0.013591
1944	0.013814
1945	0.013924
1946	0.013452
1947	0.013499
1948	0.013461
1949	0.013482
1950	0.013494
1951	0.013535
1952	0.013654
1953	0.013647
1954	0.013583
1955	0.015174
1956	0.014482
1957	0.014247
1958	0.013779
1959	0.014285
1960	0.014549
1961	0.014581
1962	0.014233
1963	0.014310
1964	0.014204
1965	0.014130
1966	0.014367
1967	0.014509
1968	0.014341
1969	0.014083
1970	0.014379
1971	0.014422
1972	0.014380
1973	0.014486
1974	0.014421
1975	0.014383
1976	0.014194
1977	0.014484
1978	0.014468
1979	0.014418
1980	0.014233
1981	0.014033
1982	0.013979
1983	0.014268
1984	0.014370
1985	0.014115
1986	0.014046
1987	0.014073
1988	0.014104
1989	0.014082
1990	0.014498
1991	0.015015
1992	0.015020
1993	0.015075
1994	0.015105
1995	0.015199
1996	0.015115
1997	0.014944
1998	0.015028
1999	0.015005
2000	0.014627
2001	0.014853
2002	0.014851
2003	0.014900
2004	0.014860
2005	0.014859
2006	0.014889
2007	0.014787
2008	0.014899
2009	0.015199
2010	0.014691
2011	0.015034
2012	0.015023
2013	0.015019
2014	0.014761
2015	0.014655
2016	0.014656
2017	0.014467
2018	0.014478
2019	0.014493
2020	0.014500
2021	0.015324
2022	0.015556
2023	0.015379
2024	0.015290
2025	0.014908
2026	0.014692
2027	0.014956
2028	0.015725
2029	0.016495
2030	0.015432
2031	0.015089
2032	0.015330
2033	0.015247
2034	0.015735
2035	0.016327
2036	0.015766
2037	0.015797
2038	0.015843
2039	0.015766
2040	0.015830
2041	0.017535
2042	0.016068
2043	0.015601
2044	0.015777
2045	0.017312
2046	0.015785
2047	0.015470
2048	0.015132
2049	0.014929
2050	0.014940
2051	0.015045
2052	0.015000
2053	0.015019
2054	0.015062
2055	0.015098
2056	0.014999
2057	0.015049
2058	0.015069
2059	0.015151
2060	0.015644
2061	0.015091
2062	0.015127
2063	0.015099
2064	0.015197
2065	0.015178
2066	0.015222
2067	0.015244
2068	0.015175
2069	0.015185
2070	0.015248
2071	0.015260
2072	0.015261
2073	0.015353
2074	0.015385
2075	0.015295
2076	0.015308
2077	0.015293
2078	0.015397
2079	0.015385
2080	0.015395
2081	0.015360
2082	0.015381
2083	0.015391
2084	0.015433
2085	0.015445
2086	0.015454
2087	0.015502
2088	0.015498
2089	0.015482
2090	0.015651
2091	0.015561
2092	0.015713
2093	0.016722
2094	0.015779
2095	0.015782
2096	0.015632
2097	0.015704
2098	0.015710
2099	0.015689
2100	0.015673
2101	0.015663
2102	0.015673
2103	0.015748
2104	0.015757
2105	0.015816
2106	0.015810
2107	0.015758
2108	0.015791
2109	0.015776
2110	0.015856
2111	0.015843
2112	0.016051
2113	0.016076
2114	0.016081
2115	0.016103
2116	0.016105
2117	0.016188
2118	0.016219
2119	0.016826
2120	0.017026
2121	0.016972
2122	0.017079
2123	0.017273
2124	0.017092
2125	0.017140
2126	0.017058
2127	0.017387
2128	0.017160
2129	0.017368
2130	0.017232
2131	0.017155
2132	0.016988
2133	0.016673
2134	0.016760
2135	0.017053
2136	0.017537
2137	0.017503
2138	0.017454
2139	0.017378
2140	0.017338
2141	0.017541
2142	0.017444
2143	0.017449
2144	0.017503
2145	0.017868
2146	0.017373
2147	0.017346
2148	0.018291
2149	0.021037
2150	0.017723
2151	0.017481
2152	0.017604
2153	0.017556
2154	0.017639
2155	0.017528
2156	0.017512
2157	0.017729
2158	0.017604
2159	0.017647
2160	0.017563
2161	0.017683
2162	0.017625
2163	0.017778
2164	0.017624
2165	0.018009
2166	0.017743
2167	0.017727
2168	0.017759
2169	0.020011
2170	0.020015
2171	0.018737
2172	0.021134
2173	0.022070
2174	0.018186
2175	0.018385
2176	0.018201
2177	0.018224
2178	0.018160
2179	0.018294
2180	0.018388
2181	0.018901
2182	0.018572
2183	0.018393
2184	0.018255
2185	0.018305
2186	0.018052
2187	0.017960
2188	0.018182
2189	0.017710
2190	0.017742
2191	0.017780
2192	0.018018
2193	0.017781
2194	0.017848
2195	0.017816
2196	0.017853
2197	0.017949
2198	0.018052
2199	0.017588
2200	0.017667
2201	0.017507
2202	0.017567
2203	0.017692
2204	0.017457
2205	0.018217
2206	0.018030
2207	0.018212
2208	0.018218
2209	0.018588
2210	0.021354
2211	0.018554
2212	0.018452
2213	0.018651
2214	0.018543
2215	0.018516
2216	0.018553
2217	0.018539
2218	0.018523
2219	0.018662
2220	0.018565
2221	0.018278
2222	0.018210
2223	0.019612
2224	0.018726
2225	0.018805
2226	0.019310
2227	0.019060
2228	0.018951
2229	0.018991
2230	0.019014
2231	0.019071
2232	0.018903
2233	0.019136
2234	0.022217
2235	0.019075
2236	0.027840
2237	0.029628
2238	0.021323
2239	0.019101
2240	0.019433
2241	0.019873
2242	0.019630
2243	0.019277
2244	0.019339
2245	0.019660
2246	0.019354
2247	0.021000
2248	0.018324
2249	0.018152
2250	0.018030
2251	0.018488
2252	0.019065
2253	0.022593
2254	0.022480
2255	0.018425
2256	0.018783
2257	0.019457
2258	0.020853
2259	0.018806
2260	0.019655
2261	0.021236
2262	0.020744
2263	0.020762
2264	0.022928
2265	0.020612
2266	0.020033
2267	0.019860
2268	0.020198
2269	0.019884
2270	0.019886
2271	0.020071
2272	0.020065
2273	0.019321
2274	0.019517
2275	0.018406
2276	0.018460
2277	0.018438
2278	0.018475
2279	0.018502
2280	0.018658
2281	0.018885
2282	0.018670
2283	0.018504
2284	0.018629
2285	0.018813
2286	0.020040
2287	0.018709
2288	0.018645
2289	0.018635
2290	0.018681
2291	0.018826
2292	0.019095
2293	0.018965
2294	0.020502
2295	0.020371
2296	0.020555
2297	0.020442
2298	0.020868
2299	0.019992
2300	0.019964
2301	0.020173
2302	0.020029
2303	0.019980
2304	0.020788
2305	0.020146
2306	0.020131
2307	0.022290
2308	0.021519
2309	0.020582
2310	0.019949
2311	0.020347
2312	0.019925
2313	0.020368
2314	0.019937
2315	0.019989
2316	0.019996
2317	0.020330
2318	0.020571
2319	0.020043
2320	0.020319
2321	0.020272
2322	0.019864
2323	0.019646
2324	0.019669
2325	0.020041
2326	0.019899
2327	0.020275
2328	0.021362
2329	0.022072
2330	0.022671
2331	0.021469
2332	0.021045
2333	0.023029
2334	0.021849
2335	0.022449
2336	0.021506
2337	0.021689
2338	0.023561
2339	0.021594
2340	0.021290
2341	0.022372
2342	0.021157
2343	0.020703
2344	0.020660
2345	0.020086
2346	0.019995
2347	0.020747
2348	0.022553
2349	0.021999
2350	0.021120
2351	0.021750
2352	0.021268
2353	0.021331
2354	0.021355
2355	0.021244
2356	0.021827
2357	0.021817
2358	0.022969
2359	0.023255
2360	0.022342
2361	0.026350
2362	0.021803
2363	0.021833
2364	0.021250
2365	0.021617
2366	0.022801
2367	0.025951
2368	0.024005
2369	0.021627
2370	0.021621
2371	0.021500
2372	0.021509
2373	0.021520
2374	0.021658
2375	0.021045
2376	0.020502
2377	0.020343
2378	0.020521
2379	0.020740
2380	0.020723
2381	0.020635
2382	0.020570
2383	0.020666
2384	0.020463
2385	0.020421
2386	0.020655
2387	0.020454
2388	0.020461
2389	0.021098
2390	0.020542
2391	0.020661
2392	0.020770
2393	0.020595
2394	0.020621
2395	0.020587
2396	0.020634
2397	0.020642
2398	0.020642
2399	0.026093
2400	0.024911
2401	0.021831
2402	0.021761
2403	0.021153
2404	0.020631
2405	0.020864
2406	0.020823
2407	0.020919
2408	0.021128
2409	0.021100
2410	0.031443
2411	0.032210
2412	0.022523
2413	0.022357
2414	0.022320
2415	0.022391
2416	0.022094
2417	0.021415
2418	0.021156
2419	0.021168
2420	0.021162
2421	0.022342
2422	0.022299
2423	0.022565
2424	0.022641
2425	0.024929
2426	0.026486
2427	0.025350
2428	0.024879
2429	0.027961
2430	0.025828
2431	0.026321
2432	0.025152
2433	0.025540
2434	0.024591
2435	0.023148
2436	0.023213
2437	0.022459
2438	0.022699
2439	0.023712
2440	0.022224
2441	0.021570
2442	0.022495
2443	0.025447
2444	0.026600
2445	0.026639
2446	0.025791
2447	0.024396
2448	0.027042
2449	0.024037
2450	0.023510
2451	0.028191
2452	0.026194
2453	0.023646
2454	0.023130
2455	0.023410
2456	0.023481
2457	0.023307
2458	0.023253
2459	0.023505
2460	0.022940
2461	0.023536
2462	0.022829
2463	0.022924
2464	0.023856
2465	0.024656
2466	0.023698
2467	0.023934
2468	0.025553
2469	0.023833
2470	0.023678
2471	0.023679
2472	0.024215
2473	0.023467
2474	0.024764
2475	0.023934
2476	0.023184
2477	0.026746
2478	0.022201
2479	0.022407
2480	0.022945
2481	0.023529
2482	0.023343
2483	0.023053
2484	0.023053
2485	0.023207
2486	0.023771
2487	0.023336
2488	0.023297
2489	0.023448
2490	0.023448
2491	0.023455
2492	0.023391
2493	0.023592
2494	0.023608
2495	0.023592
2496	0.026742
2497	0.023605
2498	0.030895
2499	0.036885
2500	0.024272
2501	0.023579
2502	0.023521
2503	0.022955
2504	0.022619
2505	0.022657
2506	0.024773
2507	0.023632
2508	0.023557
2509	0.023418
2510	0.024099
2511	0.023883
2512	0.030516
2513	0.024951
2514	0.023588
2515	0.024546
2516	0.023793
2517	0.023789
2518	0.026042
2519	0.023796
2520	0.023531
2521	0.026928
2522	0.025136
2523	0.026428
2524	0.024355
2525	0.023868
2526	0.025637
2527	0.028300
2528	0.024210
2529	0.025416
2530	0.024817
2531	0.024913
2532	0.024115
2533	0.024430
2534	0.024229
2535	0.024230
2536	0.028739
2537	0.024408
2538	0.024348
2539	0.024180
2540	0.023383
2541	0.023553
2542	0.023597
2543	0.023547
2544	0.023498
2545	0.023370
2546	0.023960
2547	0.023594
2548	0.023665
2549	0.023602
2550	0.023623
2551	0.023475
2552	0.023389
2553	0.023443
2554	0.023488
2555	0.023550
2556	0.023545
2557	0.023588
2558	0.024771
2559	0.024682
2560	0.023950
2561	0.024034
2562	0.023789
2563	0.023880
2564	0.023802
2565	0.023848
2566	0.023987
2567	0.023899
2568	0.024459
2569	0.023989
2570	0.023804
2571	0.024001
2572	0.024080
2573	0.024082
2574	0.023861
2575	0.024062
2576	0.024154
2577	0.024008
2578	0.023917
2579	0.025332
2580	0.024693
2581	0.025104
2582	0.024707
2583	0.024557
2584	0.024126
2585	0.024068
2586	0.023945
2587	0.024039
2588	0.024171
2589	0.024105
2590	0.024288
2591	0.024718
2592	0.024329
2593	0.024223
2594	0.024171
2595	0.024165
2596	0.024230
2597	0.024218
2598	0.024291
2599	0.024202
2600	0.024304
2601	0.024292
2602	0.024354
2603	0.024304
2604	0.024330
2605	0.024384
2606	0.024392
2607	0.024406
2608	0.024383
2609	0.032341
2610	0.025236
2611	0.024937
2612	0.026043
2613	0.025506
2614	0.024853
2615	0.025765
2616	0.024861
2617	0.024638
2618	0.024730
2619	0.024480
2620	0.024572
2621	0.024498
2622	0.024428
2623	0.024487
2624	0.024472
2625	0.024529
2626	0.024592
2627	0.024495
2628	0.024532
2629	0.024665
2630	0.025092
2631	0.025663
2632	0.027280
2633	0.030074
2634	0.030782
2635	0.029622
2636	0.028363
2637	0.028260
2638	0.027570
2639	0.027050
2640	0.026819
2641	0.027064
2642	0.026878
2643	0.026986
2644	0.026395
2645	0.026030
2646	0.025515
2647	0.025529
2648	0.025537
2649	0.025380
2650	0.025678
2651	0.025739
2652	0.025666
2653	0.025490
2654	0.025630
2655	0.025699
2656	0.025730
2657	0.026712
2658	0.030447
2659	0.027787
2660	0.027885
2661	0.027584
2662	0.027515
2663	0.032131
2664	0.029294
2665	0.026164
2666	0.025715
2667	0.025748
2668	0.025688
2669	0.025841
2670	0.025765
2671	0.025693
2672	0.025635
2673	0.031078
2674	0.032142
2675	0.031043
2676	0.032565
2677	0.030434
2678	0.030907
2679	0.030032
2680	0.030511
2681	0.029491
2682	0.031959
2683	0.035314
2684	0.033738
2685	0.027432
2686	0.027594
2687	0.027934
2688	0.027870
2689	0.028091
2690	0.028104
2691	0.027740
2692	0.027002
2693	0.026239
2694	0.026457
2695	0.026423
2696	0.026252
2697	0.026339
2698	0.026384
2699	0.026169
2700	0.026166
2701	0.026396
2702	0.026257
2703	0.026254
2704	0.026610
2705	0.026451
2706	0.026294
2707	0.026276
2708	0.026379
2709	0.026431
2710	0.026372
2711	0.026400
2712	0.026424
2713	0.026518
2714	0.028701
2715	0.027690
2716	0.027804
2717	0.027892
2718	0.027911
2719	0.027986
2720	0.027997
2721	0.028197
2722	0.029233
2723	0.028392
2724	0.032147
2725	0.027823
2726	0.026909
2727	0.027645
2728	0.028297
2729	0.028886
2730	0.028406
2731	0.028440
2732	0.027735
2733	0.029624
2734	0.030377
2735	0.029348
2736	0.030808
2737	0.030600
2738	0.032253
2739	0.032051
2740	0.028473
2741	0.034192
2742	0.028952
2743	0.027347
2744	0.027259
2745	0.027192
2746	0.031299
2747	0.027587
2748	0.027299
2749	0.028034
2750	0.030718
2751	0.028583
2752	0.028682
2753	0.028579
2754	0.038304
2755	0.029306
2756	0.028317
2757	0.028750
2758	0.028936
2759	0.028598
2760	0.028412
2761	0.027755
2762	0.027531
2763	0.027519
2764	0.027901
2765	0.027857
2766	0.027493
2767	0.027592
2768	0.028297
2769	0.029467
2770	0.031477
2771	0.033158
2772	0.031440
2773	0.033181
2774	0.029025
2775	0.028434
2776	0.028521
2777	0.028524
2778	0.028160
2779	0.028043
2780	0.027847
2781	0.027896
2782	0.027841
2783	0.027595
2784	0.027621
2785	0.027596
2786	0.028537
2787	0.029137
2788	0.030616
2789	0.032190
2790	0.032525
2791	0.032375
2792	0.031940
2793	0.030220
2794	0.029744
2795	0.031029
2796	0.029236
2797	0.029723
2798	0.029842
2799	0.028621
2800	0.028027
2801	0.028018
2802	0.028517
2803	0.030464
2804	0.039984
2805	0.031634
2806	0.034182
2807	0.039232
2808	0.035769
2809	0.031368
2810	0.032331
2811	0.033855
2812	0.035913
2813	0.032938
2814	0.032181
2815	0.032245
2816	0.032610
2817	0.030269
2818	0.029434
2819	0.032261
2820	0.034202
2821	0.033209
2822	0.032434
2823	0.033308
2824	0.032896
2825	0.032364
2826	0.032556
2827	0.033978
2828	0.035795
2829	0.034426
2830	0.032947
2831	0.033793
2832	0.036805
2833	0.032905
2834	0.033179
2835	0.033472
2836	0.032833
2837	0.033140
2838	0.032576
2839	0.033548
2840	0.031825
2841	0.029201
2842	0.028691
2843	0.028814
2844	0.028972
2845	0.028758
2846	0.029290
2847	0.028914
2848	0.028883
2849	0.032088
2850	0.035836
2851	0.032516
2852	0.035031
2853	0.035111
2854	0.032699
2855	0.032199
2856	0.032934
2857	0.033202
2858	0.033189
2859	0.033179
2860	0.033120
2861	0.034236
2862	0.030660
2863	0.029323
2864	0.029147
2865	0.029202
2866	0.029415
2867	0.029367
2868	0.029526
2869	0.029384
2870	0.029383
2871	0.029319
2872	0.029395
2873	0.029426
2874	0.029391
2875	0.029503
2876	0.029562
2877	0.029614
2878	0.029597
2879	0.033512
2880	0.034627
2881	0.034431
2882	0.034127
2883	0.034171
2884	0.033772
2885	0.032794
2886	0.032861
2887	0.033335
2888	0.031394
2889	0.031675
2890	0.032239
2891	0.030003
2892	0.030023
2893	0.030066
2894	0.030043
2895	0.030030
2896	0.030416
2897	0.034242
2898	0.033508
2899	0.033908
2900	0.034088
2901	0.034312
2902	0.032356
2903	0.031087
2904	0.030383
2905	0.030548
2906	0.030515
2907	0.030581
2908	0.030295
2909	0.030600
2910	0.030504
2911	0.030530
2912	0.030587
2913	0.034662
2914	0.060467
2915	0.045430
2916	0.038017
2917	0.033257
2918	0.030706
2919	0.030343
2920	0.030383
2921	0.030375
2922	0.030487
2923	0.030441
2924	0.030764
2925	0.030667
2926	0.030612
2927	0.030487
2928	0.030500
2929	0.030528
2930	0.030847
2931	0.030644
2932	0.030568
2933	0.030552
2934	0.030562
2935	0.030560
2936	0.030557
2937	0.030627
2938	0.030703
2939	0.030608
2940	0.030765
2941	0.030719
2942	0.030711
2943	0.030725
2944	0.033788
2945	0.032664
2946	0.032103
2947	0.031385
2948	0.031046
2949	0.031088
2950	0.031214
2951	0.031164
2952	0.032935
2953	0.034180
2954	0.033856
2955	0.034684
2956	0.036166
2957	0.033654
2958	0.032419
2959	0.031700
2960	0.031396
2961	0.031425
2962	0.032058
2963	0.032117
2964	0.031586
2965	0.031918
2966	0.031357
2967	0.031379
2968	0.031347
2969	0.031635
2970	0.031404
2971	0.031427
2972	0.031524
2973	0.032687
2974	0.034033
2975	0.034136
2976	0.031830
2977	0.031556
2978	0.031686
2979	0.031587
2980	0.031618
2981	0.031848
2982	0.031854
2983	0.031630
2984	0.031691
2985	0.031880
2986	0.031757
2987	0.031789
2988	0.034181
2989	0.032315
2990	0.032229
2991	0.032392
2992	0.032024
2993	0.032090
2994	0.033930
2995	0.033934
2996	0.031898
2997	0.031904
2998	0.031905
2999	0.031939
3000	0.032017
3001	0.032040
3002	0.031942
3003	0.032002
3004	0.032080
3005	0.032015
3006	0.038520
3007	0.036183
3008	0.034891
3009	0.034518
3010	0.035547
3011	0.034416
3012	0.034868
3013	0.036018
3014	0.035070
3015	0.033827
3016	0.032273
3017	0.032316
3018	0.032500
3019	0.032509
3020	0.032585
3021	0.035682
3022	0.034392
3023	0.035182
3024	0.035059
3025	0.036000
3026	0.035732
3027	0.036677
3028	0.034784
3029	0.033529
3030	0.032663
3031	0.032597
3032	0.032622
3033	0.032679
3034	0.032704
3035	0.033542
3036	0.034909
3037	0.033884
3038	0.035936
3039	0.036500
3040	0.040290
3041	0.037541
3042	0.034734
3043	0.034063
3044	0.033435
3045	0.032980
3046	0.032956
3047	0.033171
3048	0.033060
3049	0.033007
3050	0.035279
3051	0.034769
3052	0.034478
3053	0.034280
3054	0.034386
3055	0.034501
3056	0.036848
3057	0.034985
3058	0.035424
3059	0.033383
3060	0.033232
3061	0.033229
3062	0.033336
3063	0.033305
3064	0.034760
3065	0.035433
3066	0.035314
3067	0.034683
3068	0.034657
3069	0.034954
3070	0.035007
3071	0.034717
3072	0.036515
3073	0.035312
3074	0.035857
3075	0.035136
3076	0.033783
3077	0.034094
3078	0.033881
3079	0.036244
3080	0.037256
3081	0.036786
3082	0.036169
3083	0.037603
3084	0.041126
3085	0.039788
3086	0.037956
3087	0.034491
3088	0.034108
3089	0.036184
3090	0.034072
3091	0.036004
3092	0.035938
3093	0.037356
3094	0.040417
3095	0.039491
3096	0.041073
3097	0.038425
3098	0.037303
3099	0.037713
3100	0.036415
3101	0.034724
3102	0.034240
3103	0.034326
3104	0.034225
3105	0.034175
3106	0.034426
3107	0.034453
3108	0.034552
3109	0.034381
3110	0.034354
3111	0.034350
3112	0.034480
3113	0.034389
3114	0.034377
3115	0.034474
3116	0.034400
3117	0.034480
3118	0.034572
3119	0.034501
3120	0.036198
3121	0.036610
3122	0.034805
3123	0.034639
3124	0.034641
3125	0.034685
3126	0.034772
3127	0.034701
3128	0.034704
3129	0.034802
3130	0.034768
3131	0.034867
3132	0.034917
3133	0.034830
3134	0.034878
3135	0.034960
3136	0.034909
3137	0.035037
3138	0.035028
3139	0.035096
3140	0.034956
3141	0.035108
3142	0.034994
3143	0.035029
3144	0.035122
3145	0.035061
3146	0.035076
3147	0.035214
3148	0.035140
3149	0.035508
3150	0.035390
3151	0.035207
3152	0.035239
3153	0.035324
3154	0.035308
3155	0.035389
3156	0.035422
3157	0.035370
3158	0.035492
3159	0.035401
3160	0.035459
3161	0.035521
3162	0.035465
3163	0.035675
3164	0.035580
3165	0.035602
3166	0.035641
3167	0.035662
3168	0.035582
3169	0.035634
3170	0.035719
3171	0.035663
3172	0.035688
3173	0.035748
3174	0.035720
3175	0.035758
3176	0.035804
3177	0.038938
3178	0.036622
3179	0.035859
3180	0.035842
3181	0.035946
3182	0.035990
3183	0.035992
3184	0.036025
3185	0.035992
3186	0.036135
3187	0.036136
3188	0.036099
3189	0.036063
3190	0.036216
3191	0.036219
3192	0.036180
3193	0.036304
3194	0.036226
3195	0.036338
3196	0.036301
3197	0.036212
3198	0.036318
3199	0.036329
3200	0.036344
3201	0.036398
3202	0.036394
3203	0.036361
3204	0.036680
3205	0.036534
3206	0.036431
3207	0.036534
3208	0.036495
3209	0.036529
3210	0.036703
3211	0.036560
3212	0.036639
3213	0.036775
3214	0.036609
3215	0.036749
3216	0.036797
3217	0.036684
3218	0.036911
3219	0.036983
3220	0.036844
3221	0.037001
3222	0.036813
3223	0.036928
3224	0.036897
3225	0.036941
3226	0.036982
3227	0.036949
3228	0.036947
3229	0.037045
3230	0.037004
3231	0.037844
3232	0.040629
3233	0.037785
3234	0.037146
3235	0.037113
3236	0.037163
3237	0.037829
3238	0.037152
3239	0.037219
3240	0.037362
3241	0.037241
3242	0.037308
3243	0.037442
3244	0.037291
3245	0.037501
3246	0.037439
3247	0.037570
3248	0.037540
3249	0.037480
3250	0.037552
3251	0.037617
3252	0.037506
3253	0.037556
3254	0.037620
3255	0.037571
3256	0.037634
3257	0.037649
3258	0.038171
3259	0.037887
3260	0.037859
3261	0.037727
3262	0.037836
3263	0.037812
3264	0.038926
3265	0.037835
3266	0.037849
3267	0.038042
3268	0.037924
3269	0.038027
3270	0.038013
3271	0.038055
3272	0.038094
3273	0.038120
3274	0.038100
3275	0.038058
3276	0.038096
3277	0.038113
3278	0.038207
3279	0.038138
3280	0.038176
3281	0.038244
3282	0.038224
3283	0.038275
3284	0.043083
3285	0.040233
3286	0.038947
3287	0.038419
3288	0.038623
3289	0.038608
3290	0.038619
3291	0.040001
3292	0.038688
3293	0.038708
3294	0.038744
3295	0.038722
3296	0.038818
3297	0.038853
3298	0.038858
3299	0.043812
3300	0.042752
3301	0.042284
3302	0.043379
3303	0.042760
3304	0.042742
3305	0.044003
3306	0.044986
3307	0.040890
3308	0.038873
3309	0.039087
3310	0.041250
3311	0.042279
3312	0.043692
3313	0.042461
3314	0.044215
3315	0.044121
3316	0.045705
3317	0.041568
3318	0.039218
3319	0.039175
3320	0.039120
3321	0.040397
3322	0.042677
3323	0.043305
3324	0.044017
3325	0.043624
3326	0.042991
3327	0.044860
3328	0.042013
3329	0.039305
3330	0.039401
3331	0.039458
3332	0.039364
3333	0.042821
3334	0.044409
3335	0.043812
3336	0.045309
3337	0.045992
3338	0.046054
3339	0.043839
3340	0.040825
3341	0.039612
3342	0.039826
3343	0.039764
3344	0.040107
3345	0.042090
3346	0.041582
3347	0.042768
3348	0.045077
3349	0.044241
3350	0.042657
3351	0.042991
3352	0.040327
3353	0.040450
3354	0.039882
3355	0.040115
3356	0.041065
3357	0.044994
3358	0.042446
3359	0.042703
3360	0.043552
3361	0.042957
3362	0.044047
3363	0.042350
3364	0.041646
3365	0.040173
3366	0.041043
3367	0.040698
3368	0.041654
3369	0.043475
3370	0.042425
3371	0.042283
3372	0.044355
3373	0.045952
3374	0.044725
3375	0.041340
3376	0.040696
3377	0.040439
3378	0.040530
3379	0.040565
3380	0.042319
3381	0.041726
3382	0.040550
3383	0.040566
3384	0.040694
3385	0.040723
3386	0.040691
3387	0.040666
3388	0.040742
3389	0.040752
3390	0.040836
3391	0.040808
3392	0.040884
3393	0.040934
3394	0.040954
3395	0.041005
3396	0.041013
3397	0.040877
3398	0.042758
3399	0.041746
3400	0.041058
3401	0.041086
3402	0.041002
3403	0.041046
3404	0.041376
3405	0.041142
3406	0.041172
3407	0.041173
3408	0.041227
3409	0.041323
3410	0.041289
3411	0.041323
3412	0.041540
3413	0.041315
3414	0.041484
3415	0.041388
3416	0.041478
3417	0.041547
3418	0.041508
3419	0.041507
3420	0.041518
3421	0.041551
3422	0.041532
3423	0.041555
3424	0.041660
3425	0.041664
3426	0.041810
3427	0.041647
3428	0.042910
3429	0.044163
3430	0.042094
3431	0.041902
3432	0.041762
3433	0.042067
3434	0.041988
3435	0.042022
3436	0.042305
3437	0.042150
3438	0.042062
3439	0.042064
3440	0.042261
3441	0.042309
3442	0.042120
3443	0.042288
3444	0.042291
3445	0.042115
3446	0.042143
3447	0.042172
3448	0.042289
3449	0.042219
3450	0.042431
3451	0.042197
3452	0.042642
3453	0.042510
3454	0.042417
3455	0.042468
3456	0.042442
3457	0.042577
3458	0.042609
3459	0.042503
3460	0.042620
3461	0.042581
3462	0.042802
3463	0.042557
3464	0.042752
3465	0.042852
3466	0.042840
3467	0.042886
3468	0.042647
3469	0.042784
3470	0.042683
3471	0.042752
3472	0.042815
3473	0.042901
3474	0.049066
3475	0.058641
3476	0.072616
3477	0.061835
3478	0.044877
3479	0.042974
3480	0.042972
3481	0.043058
3482	0.043171
3483	0.043104
3484	0.043210
3485	0.043215
3486	0.043227
3487	0.043247
3488	0.043340
3489	0.043263
3490	0.043150
3491	0.043267
3492	0.043292
3493	0.043275
3494	0.043329
3495	0.043418
3496	0.043624
3497	0.043958
3498	0.043418
3499	0.043589
3500	0.043481
3501	0.043654
3502	0.043544
3503	0.043537
3504	0.043596
3505	0.043578
3506	0.043795
3507	0.043626
3508	0.043789
3509	0.043899
3510	0.043802
3511	0.043823
3512	0.043792
3513	0.043801
3514	0.043802
3515	0.043910
3516	0.043811
3517	0.043861
3518	0.043904
3519	0.043971
3520	0.049889
3521	0.044819
3522	0.044024
3523	0.043986
3524	0.044205
3525	0.044130
3526	0.044077
3527	0.044178
3528	0.044134
3529	0.044306
3530	0.044186
3531	0.044367
3532	0.044308
3533	0.044433
3534	0.044316
3535	0.044438
3536	0.044367
3537	0.044342
3538	0.044460
3539	0.044416
3540	0.044465
3541	0.044446
3542	0.044732
3543	0.044619
3544	0.044495
3545	0.044807
3546	0.044584
3547	0.044808
3548	0.044644
3549	0.044818
3550	0.044790
3551	0.044881
3552	0.044910
3553	0.044911
3554	0.045132
3555	0.044922
3556	0.045043
3557	0.044873
3558	0.044839
3559	0.044960
3560	0.044958
3561	0.045004
3562	0.044973
3563	0.045077
3564	0.047835
3565	0.051194
3566	0.045095
3567	0.045174
3568	0.045180
3569	0.045233
3570	0.045231
3571	0.045211
3572	0.045393
3573	0.045294
3574	0.045363
3575	0.045514
3576	0.045605
3577	0.045478
3578	0.045418
3579	0.045551
3580	0.045470
3581	0.045583
3582	0.045459
3583	0.045556
3584	0.045504
3585	0.045583
3586	0.046559
3587	0.046072
3588	0.045738
3589	0.045795
3590	0.045801
3591	0.049291
3592	0.048293
3593	0.048513
3594	0.048270
3595	0.049103
3596	0.049303
3597	0.048390
3598	0.046104
3599	0.046046
3600	0.046077
3601	0.048816
3602	0.047833
3603	0.047305
3604	0.047231
3605	0.047321
3606	0.047058
3607	0.048059
3608	0.049015
3609	0.048425
3610	0.049401
3611	0.048659
3612	0.047578
3613	0.047562
3614	0.048747
3615	0.048442
3616	0.047661
3617	0.046566
3618	0.046704
3619	0.046519
3620	0.047231
3621	0.049245
3622	0.049225
3623	0.048775
3624	0.049311
3625	0.049544
3626	0.048963
3627	0.047115
3628	0.046970
3629	0.046956
3630	0.047381
3631	0.048433
3632	0.048194
3633	0.048142
3634	0.048802
3635	0.059313
3636	0.056643
3637	0.047244
3638	0.047284
3639	0.048560
3640	0.049612
3641	0.049639
3642	0.049531
3643	0.049672
3644	0.049583
3645	0.049625
3646	0.051403
3647	0.047310
3648	0.048443
3649	0.050257
3650	0.049575
3651	0.048511
3652	0.050501
3653	0.049449
3654	0.050432
3655	0.049902
3656	0.048309
3657	0.047730
3658	0.048015
3659	0.049665
3660	0.051322
3661	0.049695
3662	0.048706
3663	0.048638
3664	0.048720
3665	0.048298
3666	0.047836
3667	0.047726
3668	0.047748
3669	0.050586
3670	0.048271
3671	0.047867
3672	0.047997
3673	0.047961
3674	0.047928
3675	0.048050
3676	0.048689
3677	0.048319
3678	0.048125
3679	0.048190
3680	0.048175
3681	0.048274
3682	0.048164
3683	0.048331
3684	0.048078
3685	0.048257
3686	0.048163
3687	0.048224
3688	0.048211
3689	0.051565
3690	0.050705
3691	0.051936
3692	0.051890
3693	0.056586
3694	0.055223
3695	0.054579
3696	0.054223
3697	0.052851
3698	0.053386
3699	0.052768
3700	0.051077
3701	0.048773
3702	0.051628
3703	0.052094
3704	0.051478
3705	0.054275
3706	0.050863
3707	0.048757
3708	0.049141
3709	0.052073
3710	0.052045
3711	0.050908
3712	0.051348
3713	0.050348
3714	0.048925
3715	0.049029
3716	0.049033
3717	0.049157
3718	0.049079
3719	0.049342
3720	0.049186
3721	0.049220
3722	0.049347
3723	0.049232
3724	0.049180
3725	0.049207
3726	0.049217
3727	0.049312
3728	0.050285
3729	0.057675
3730	0.049387
3731	0.049410
3732	0.049551
3733	0.049584
3734	0.049415
3735	0.049792
3736	0.049542
3737	0.049573
3738	0.049731
3739	0.049906
3740	0.049682
3741	0.049610
3742	0.049684
3743	0.049696
3744	0.049712
3745	0.049730
3746	0.049779
3747	0.049771
3748	0.050009
3749	0.049992
3750	0.049878
3751	0.050019
3752	0.050099
3753	0.050167
3754	0.050116
3755	0.050071
3756	0.050160
3757	0.050121
3758	0.050349
3759	0.050267
3760	0.050312
3761	0.050242
3762	0.050333
3763	0.050147
3764	0.050295
3765	0.050225
3766	0.050485
3767	0.050316
3768	0.051182
3769	0.052826
3770	0.050434
3771	0.050420
3772	0.050534
3773	0.050604
3774	0.050561
3775	0.050544
3776	0.050665
3777	0.050581
3778	0.050730
3779	0.050769
3780	0.050784
3781	0.050845
3782	0.050904
3783	0.050694
3784	0.050854
3785	0.050752
3786	0.050877
3787	0.050971
3788	0.051344
3789	0.051049
3790	0.050964
3791	0.051064
3792	0.051342
3793	0.052370
3794	0.051356
3795	0.051225
3796	0.051291
3797	0.051274
3798	0.051381
3799	0.051300
3800	0.051348
3801	0.051245
3802	0.051277
3803	0.051263
3804	0.051361
3805	0.051308
3806	0.051391
3807	0.051570
3808	0.054684
3809	0.051581
3810	0.051537
3811	0.051566
3812	0.051701
3813	0.051678
3814	0.051741
3815	0.051671
3816	0.051700
3817	0.051757
3818	0.051890
3819	0.051807
3820	0.051873
3821	0.051859
3822	0.051807
3823	0.051860
3824	0.051888
3825	0.051856
3826	0.051944
3827	0.052178
3828	0.052036
3829	0.051961
3830	0.052099
3831	0.052110
3832	0.052080
3833	0.052387
3834	0.052206
3835	0.052326
3836	0.052304
3837	0.052508
3838	0.052328
3839	0.052378
3840	0.052412
3841	0.052341
3842	0.052354
3843	0.052359
3844	0.052351
3845	0.052477
3846	0.054957
3847	0.053463
3848	0.052441
3849	0.052565
3850	0.052699
3851	0.052613
3852	0.054091
3853	0.052744
3854	0.052778
3855	0.052809
3856	0.052853
3857	0.052879
3858	0.052858
3859	0.052930
3860	0.052834
3861	0.052968
3862	0.052858
3863	0.052959
3864	0.052900
3865	0.053210
3866	0.053106
3867	0.052982
3868	0.053163
3869	0.053174
3870	0.053108
3871	0.053570
3872	0.053451
3873	0.054133
3874	0.053362
3875	0.053474
3876	0.053552
3877	0.053305
3878	0.053709
3879	0.053301
3880	0.053526
3881	0.053389
3882	0.053437
3883	0.053864
3884	0.060738
3885	0.056383
3886	0.057251
3887	0.056775
3888	0.059283
3889	0.060011
3890	0.055657
3891	0.053813
3892	0.054480
3893	0.060873
3894	0.060220
3895	0.055904
3896	0.060430
3897	0.059061
3898	0.054166
3899	0.054110
3900	0.054121
3901	0.055632
3902	0.055335
3903	0.055442
3904	0.057278
3905	0.057230
3906	0.056424
3907	0.058038
3908	0.057985
3909	0.054476
3910	0.057066
3911	0.055745
3912	0.055692
3913	0.055550
3914	0.055919
3915	0.055265
3916	0.054438
3917	0.075404
3918	0.055768
3919	0.058381
3920	0.058704
3921	0.057498
3922	0.057678
3923	0.058523
3924	0.057994
3925	0.057544
3926	0.055032
3927	0.057250
3928	0.057268
3929	0.060778
3930	0.058269
3931	0.055969
3932	0.056024
3933	0.055008
3934	0.054937
3935	0.054928
3936	0.055217
3937	0.055149
3938	0.055335
3939	0.055315
3940	0.055253
3941	0.055190
3942	0.055193
3943	0.055345
3944	0.055520
3945	0.055458
3946	0.055310
3947	0.055479
3948	0.055247
3949	0.055439
3950	0.055401
3951	0.055364
3952	0.055453
3953	0.055436
3954	0.057858
3955	0.056101
3956	0.055527
3957	0.055643
3958	0.055708
3959	0.055541
3960	0.055767
3961	0.055759
3962	0.055701
3963	0.055863
3964	0.055859
3965	0.055911
3966	0.055841
3967	0.055898
3968	0.055842
3969	0.055870
3970	0.055888
3971	0.055945
3972	0.056676
3973	0.056077
3974	0.056074
3975	0.056194
3976	0.057905
3977	0.059685
3978	0.057286
3979	0.056258
3980	0.056275
3981	0.056975
3982	0.056597
3983	0.056464
3984	0.056239
3985	0.056383
3986	0.056378
3987	0.056409
3988	0.056433
3989	0.056829
3990	0.059576
3991	0.056520
3992	0.056561
3993	0.056618
3994	0.056808
3995	0.056587
3996	0.056768
3997	0.056666
3998	0.056771
3999	0.056884
4000	0.056993
4001	0.056954
4002	0.056863
4003	0.056953
4004	0.056803
4005	0.056904
4006	0.056902
4007	0.057138
4008	0.057032
4009	0.056983
4010	0.057166
4011	0.057199
4012	0.057210
4013	0.057144
4014	0.057326
4015	0.057202
4016	0.057305
4017	0.057541
4018	0.057282
4019	0.057421
4020	0.057371
4021	0.057390
4022	0.057341
4023	0.057423
4024	0.057955
4025	0.060280
4026	0.057511
4027	0.057526
4028	0.057850
4029	0.057563
4030	0.058103
4031	0.058108
4032	0.057646
4033	0.057773
4034	0.057803
4035	0.058111
4036	0.057997
4037	0.057941
4038	0.057846
4039	0.057906
4040	0.057918
4041	0.057842
4042	0.058364
4043	0.057920
4044	0.058053
4045	0.058130
4046	0.058297
4047	0.058141
4048	0.058171
4049	0.058281
4050	0.058269
4051	0.058502
4052	0.058535
4053	0.058439
4054	0.058397
4055	0.058439
4056	0.058374
4057	0.058327
4058	0.058421
4059	0.061141
4060	0.059232
4061	0.058428
4062	0.058782
4063	0.058697
4064	0.058637
4065	0.058678
4066	0.058685
4067	0.058756
4068	0.058882
4069	0.058871
4070	0.058935
4071	0.058903
4072	0.058988
4073	0.058807
4074	0.058914
4075	0.058930
4076	0.059297
4077	0.059069
4078	0.059139
4079	0.059193
4080	0.059199
4081	0.059285
4082	0.059238
4083	0.059216
4084	0.059239
4085	0.059285
4086	0.059389
4087	0.059292
4088	0.059466
4089	0.059406
4090	0.059293
4091	0.059398
4092	0.059333
4093	0.062894
4094	0.059635
4095	0.059482
4096	0.059615
4097	0.059648
4098	0.059657
4099	0.059707
4100	0.059632
4101	0.059705
4102	0.059751
4103	0.059819
4104	0.059823
4105	0.061000
4106	0.060182
4107	0.059766
4108	0.059897
4109	0.060105
4110	0.060129
4111	0.060116
4112	0.059998
4113	0.060138
4114	0.060050
4115	0.060209
4116	0.060303
4117	0.060141
4118	0.060423
4119	0.060433
4120	0.060310
4121	0.060311
4122	0.060953
4123	0.060466
4124	0.060303
4125	0.060378
4126	0.063111
4127	0.061236
4128	0.060431
4129	0.060567
4130	0.060622
4131	0.060730
4132	0.060710
4133	0.060563
4134	0.060649
4135	0.060715
4136	0.060807
4137	0.060850
4138	0.061070
4139	0.060945
4140	0.060769
4141	0.060786
4142	0.061020
4143	0.061137
4144	0.060879
4145	0.061078
4146	0.061311
4147	0.061082
4148	0.061094
4149	0.061185
4150	0.061162
4151	0.061115
4152	0.061346
4153	0.061176
4154	0.061161
4155	0.061507
4156	0.061274
4157	0.061348
4158	0.061353
4159	0.064498
4160	0.061394
4161	0.061442
4162	0.061745
4163	0.061542
4164	0.061526
4165	0.061699
4166	0.061568
4167	0.061883
4168	0.061779
4169	0.061723
4170	0.061695
4171	0.061831
4172	0.061879
4173	0.061969
4174	0.061802
4175	0.062161
4176	0.061885
4177	0.066336
4178	0.065709
4179	0.066089
4180	0.066411
4181	0.068542
4182	0.062098
4183	0.062298
4184	0.064683
4185	0.064389
4186	0.064048
4187	0.070564
4188	0.069857
4189	0.063712
4190	0.064359
4191	0.064371
4192	0.064245
4193	0.064646
4194	0.065186
4195	0.064920
4196	0.063305
4197	0.062617
4198	0.062857
4199	0.072126
4200	0.072230
4201	0.065764
4202	0.065964
4203	0.064340
4204	0.062740
4205	0.062933
4206	0.065581
4207	0.074343
4208	0.079916
4209	0.069542
4210	0.066093
4211	0.063665
4212	0.064547
4213	0.067521
4214	0.072252
4215	0.066067
4216	0.071834
4217	0.064472
4218	0.063426
4219	0.063712
4220	0.070721
4221	0.067085
4222	0.065989
4223	0.066942
4224	0.066561
4225	0.064937
4226	0.064491
4227	0.066934
4228	0.065776
4229	0.066029
4230	0.065856
4231	0.065614
4232	0.064271
4233	0.063703
4234	0.063887
4235	0.064592
4236	0.063815
4237	0.063711
4238	0.063745
4239	0.063781
4240	0.063891
4241	0.063793
4242	0.063945
4243	0.064000
4244	0.064074
4245	0.064121
4246	0.063925
4247	0.064001
4248	0.064138
4249	0.064014
4250	0.064226
4251	0.066849
4252	0.065079
4253	0.064164
4254	0.064290
4255	0.064299
4256	0.064372
4257	0.064333
4258	0.064382
4259	0.064503
4260	0.064454
4261	0.064580
4262	0.064432
4263	0.064567
4264	0.064558
4265	0.064575
4266	0.064637
4267	0.064646
4268	0.064676
4269	0.064675
4270	0.064775
4271	0.064881
4272	0.064892
4273	0.064833
4274	0.064981
4275	0.064976
4276	0.064959
4277	0.064915
4278	0.064972
4279	0.065040
4280	0.064997
4281	0.065320
4282	0.068101
4283	0.065235
4284	0.065054
4285	0.065254
4286	0.065206
4287	0.065189
4288	0.065366
4289	0.065290
4290	0.065309
4291	0.065584
4292	0.065432
4293	0.065326
4294	0.065631
4295	0.065395
4296	0.065477
4297	0.066521
4298	0.065550
4299	0.065641
4300	0.065821
4301	0.065956
4302	0.065911
4303	0.065965
4304	0.065769
4305	0.065955
4306	0.066031
4307	0.065903
4308	0.065844
4309	0.065981
4310	0.065899
4311	0.065998
4312	0.069385
4313	0.067427
4314	0.066059
4315	0.066041
4316	0.066184
4317	0.066649
4318	0.066142
4319	0.066218
4320	0.066358
4321	0.066321
4322	0.066450
4323	0.066362
4324	0.066298
4325	0.066369
4326	0.066416
4327	0.066600
4328	0.066717
4329	0.066483
4330	0.066574
4331	0.066577
4332	0.066584
4333	0.066659
4334	0.066745
4335	0.066757
4336	0.066852
4337	0.066877
4338	0.066673
4339	0.067011
4340	0.066752
4341	0.066814
4342	0.068333
4343	0.068611
4344	0.066822
4345	0.067083
4346	0.067046
4347	0.066989
4348	0.067198
4349	0.067121
4350	0.067187
4351	0.067400
4352	0.067245
4353	0.067162
4354	0.067421
4355	0.067229
4356	0.067287
4357	0.067622
4358	0.067455
4359	0.067438
4360	0.067540
4361	0.067463
4362	0.067662
4363	0.067734
4364	0.067520
4365	0.067918
4366	0.068000
4367	0.067640
4368	0.067701
4369	0.067822
4370	0.067669
4371	0.067739
4372	0.070983
4373	0.068602
4374	0.067880
4375	0.068140
4376	0.067952
4377	0.068042
4378	0.068117
4379	0.068057
4380	0.068166
4381	0.068182
4382	0.068175
4383	0.068144
4384	0.068399
4385	0.068211
4386	0.068354
4387	0.068711
4388	0.068376
4389	0.068459
4390	0.068400
4391	0.068483
4392	0.068548
4393	0.068555
4394	0.068583
4395	0.068762
4396	0.068565
4397	0.068510
4398	0.068775
4399	0.068702
4400	0.068791
4401	0.073114
4402	0.069888
4403	0.069518
4404	0.068859
4405	0.068968
4406	0.069128
4407	0.068974
4408	0.068961
4409	0.069001
4410	0.069078
4411	0.069071
4412	0.069046
4413	0.069103
4414	0.069180
4415	0.069360
4416	0.069169
4417	0.069603
4418	0.069663
4419	0.069527
4420	0.069463
4421	0.069512
4422	0.069326
4423	0.069555
4424	0.069644
4425	0.069521
4426	0.069485
4427	0.069683
4428	0.069502
4429	0.070321
4430	0.074058
4431	0.073036
4432	0.070482
4433	0.070177
4434	0.070189
4435	0.071728
4436	0.073480
4437	0.074023
4438	0.072813
4439	0.072257
4440	0.080007
4441	0.084407
4442	0.073570
4443	0.070717
4444	0.070595
4445	0.073444
4446	0.072033
4447	0.071182
4448	0.071678
4449	0.070709
4450	0.070634
4451	0.070625
4452	0.070555
4453	0.070339
4454	0.070376
4455	0.070525
4456	0.070419
4457	0.071964
4458	0.078064
4459	0.070449
4460	0.070765
4461	0.070876
4462	0.070625
4463	0.070866
4464	0.070760
4465	0.070787
4466	0.070948
4467	0.070806
4468	0.070866
4469	0.075803
4470	0.074991
4471	0.075311
4472	0.078583
4473	0.074453
4474	0.071728
4475	0.071330
4476	0.074365
4477	0.074525
4478	0.074749
4479	0.079381
4480	0.072570
4481	0.071311
4482	0.071430
4483	0.076579
4484	0.074377
4485	0.082513
4486	0.075056
4487	0.072610
4488	0.074053
4489	0.073485
4490	0.075479
4491	0.073668
4492	0.081179
4493	0.075418
4494	0.072493
4495	0.075708
4496	0.073789
4497	0.075442
4498	0.078175
4499	0.075226
4500	0.073996
4501	0.074453
4502	0.074696
4503	0.074016
4504	0.076896
4505	0.076957
4506	0.076002
4507	0.076110
4508	0.073621
4509	0.072438
4510	0.072175
4511	0.077599
4512	0.076178
4513	0.072215
4514	0.072397
4515	0.072442
4516	0.072619
4517	0.072480
4518	0.072595
4519	0.072628
4520	0.072633
4521	0.072505
4522	0.072578
4523	0.072703
4524	0.072562
4525	0.073052
4526	0.072757
4527	0.072918
4528	0.072917
4529	0.073377
4530	0.073404
4531	0.072827
4532	0.073106
4533	0.073133
4534	0.072914
4535	0.072911
4536	0.073084
4537	0.072990
4538	0.073001
4539	0.082268
4540	0.073239
4541	0.073319
4542	0.073647
4543	0.073377
4544	0.073664
4545	0.073542
4546	0.073510
4547	0.073671
4548	0.073825
4549	0.073404
4550	0.073750
4551	0.073495
4552	0.073705
4553	0.073677
4554	0.074112
4555	0.073753
4556	0.073984
4557	0.099018
4558	0.114983
4559	0.075917
4560	0.074164
4561	0.091869
4562	0.079946
4563	0.080754
4564	0.082348
4565	0.078326
4566	0.082435
4567	0.079591
4568	0.077764
4569	0.075620
4570	0.074743
4571	0.079481
4572	0.082252
4573	0.079648
4574	0.077434
4575	0.077897
4576	0.080267
4577	0.076860
4578	0.076127
4579	0.075566
4580	0.075024
4581	0.075092
4582	0.075338
4583	0.076465
4584	0.076350
4585	0.076740
4586	0.076406
4587	0.076479
4588	0.075630
4589	0.076351
4590	0.078545
4591	0.077451
4592	0.075590
4593	0.076042
4594	0.076085
4595	0.076474
4596	0.076711
4597	0.076690
4598	0.076167
4599	0.076242
4600	0.075987
4601	0.076945
4602	0.076660
4603	0.076810
4604	0.076331
4605	0.075825
4606	0.076183
4607	0.075842
4608	0.076606
4609	0.076973
4610	0.076797
4611	0.076313
4612	0.075886
4613	0.077054
4614	0.076079
4615	0.076027
4616	0.078766
4617	0.078372
4618	0.079973
4619	0.077060
4620	0.077019
4621	0.076785
4622	0.076327
4623	0.087317
4624	0.076928
4625	0.076811
4626	0.077116
4627	0.076867
4628	0.077368
4629	0.077368
4630	0.076923
4631	0.077365
4632	0.077968
4633	0.077865
4634	0.076862
4635	0.076831
4636	0.077831
4637	0.078222
4638	0.077743
4639	0.078250
4640	0.078315
4641	0.078217
4642	0.081129
4643	0.077829
4644	0.077646
4645	0.077073
4646	0.078418
4647	0.080849
4648	0.078427
4649	0.077401
4650	0.077718
4651	0.077216
4652	0.077406
4653	0.077412
4654	0.077278
4655	0.077765
4656	0.077438
4657	0.077484
4658	0.077421
4659	0.077614
4660	0.078757
4661	0.080608
4662	0.078660
4663	0.078672
4664	0.078148
4665	0.077833
4666	0.077824
4667	0.078702
4668	0.081913
4669	0.078629
4670	0.078792
4671	0.078651
4672	0.078037
4673	0.078199
4674	0.081448
4675	0.078273
4676	0.078154
4677	0.078017
4678	0.078183
4679	0.078181
4680	0.083424
4681	0.084153
4682	0.079731
4683	0.078263
4684	0.078443
4685	0.078795
4686	0.078495
4687	0.078618
4688	0.078731
4689	0.078639
4690	0.078685
4691	0.091749
4692	0.105319
4693	0.081040
4694	0.078745
4695	0.079028
4696	0.079439
4697	0.080657
4698	0.079628
4699	0.078664
4700	0.078947
4701	0.079068
4702	0.078791
4703	0.078782
4704	0.078953
4705	0.079146
4706	0.081264
4707	0.080828
4708	0.079519
4709	0.079207
4710	0.079092
4711	0.078946
4712	0.078960
4713	0.078806
4714	0.078911
4715	0.078963
4716	0.078973
4717	0.079696
4718	0.081084
4719	0.079017
4720	0.079160
4721	0.079176
4722	0.079243
4723	0.079246
4724	0.079324
4725	0.079357
4726	0.079248
4727	0.079441
4728	0.079329
4729	0.079429
4730	0.079573
4731	0.079446
4732	0.079501
4733	0.079578
4734	0.079618
4735	0.079689
4736	0.079844
4737	0.083063
4738	0.079872
4739	0.080027
4740	0.080422
4741	0.086242
4742	0.085535
4743	0.084847
4744	0.084559
4745	0.083014
4746	0.083735
4747	0.083766
4748	0.090244
4749	0.098147
4750	0.087675
4751	0.080779
4752	0.087168
4753	0.085686
4754	0.085207
4755	0.084728
4756	0.081032
4757	0.080813
4758	0.080911
4759	0.081460
4760	0.083840
4761	0.082057
4762	0.087069
4763	0.088064
4764	0.087457
4765	0.087338
4766	0.084059
4767	0.085431
4768	0.090336
4769	0.086283
4770	0.084412
4771	0.083552
4772	0.083613
4773	0.090306
4774	0.090513
4775	0.091325
4776	0.085219
4777	0.081897
4778	0.085176
4779	0.086446
4780	0.087912
4781	0.091126
4782	0.085669
4783	0.085114
4784	0.094159
4785	0.089390
4786	0.092576
4787	0.090359
4788	0.084214
4789	0.089163
4790	0.085805
4791	0.084171
4792	0.091147
4793	0.089376
4794	0.089669
4795	0.088423
4796	0.095242
4797	0.090755
4798	0.088755
4799	0.088832
4800	0.083144
4801	0.082916
4802	0.083245
4803	0.082638
4804	0.082842
4805	0.082812
4806	0.085184
4807	0.090884
4808	0.087724
4809	0.087432
4810	0.083850
4811	0.083352
4812	0.092760
4813	0.087357
4814	0.085416
4815	0.083448
4816	0.083018
4817	0.082637
4818	0.083080
4819	0.083085
4820	0.083702
4821	0.085574
4822	0.084285
4823	0.082950
4824	0.083643
4825	0.082985
4826	0.082962
4827	0.083111
4828	0.083059
4829	0.083044
4830	0.083416
4831	0.083507
4832	0.082756
4833	0.082994
4834	0.082867
4835	0.083113
4836	0.090735
4837	0.083025
4838	0.083050
4839	0.083664
4840	0.083269
4841	0.083184
4842	0.083345
4843	0.083476
4844	0.083268
4845	0.083389
4846	0.083349
4847	0.083793
4848	0.085056
4849	0.091563
4850	0.088493
4851	0.085053
4852	0.089106
4853	0.085985
4854	0.085887
4855	0.084059
4856	0.086314
4857	0.086542
4858	0.117153
4859	0.101575
4860	0.084449
4861	0.089285
4862	0.089726
4863	0.088462
4864	0.087235
4865	0.089291
4866	0.086136
4867	0.089236
4868	0.088152
4869	0.084828
4870	0.084668
4871	0.084317
4872	0.084710
4873	0.087258
4874	0.087604
4875	0.085309
4876	0.087009
4877	0.092094
4878	0.090558
4879	0.087906
4880	0.088166
4881	0.086247
4882	0.085880
4883	0.084744
4884	0.086442
4885	0.086447
4886	0.086563
4887	0.085309
4888	0.085136
4889	0.085138
4890	0.085024
4891	0.085309
4892	0.088456
4893	0.088231
4894	0.086499
4895	0.085451
4896	0.085429
4897	0.085421
4898	0.085430
4899	0.085652
4900	0.085593
4901	0.085536
4902	0.085822
4903	0.087004
4904	0.086978
4905	0.090083
4906	0.085979
4907	0.088219
4908	0.087755
4909	0.087149
4910	0.085907
4911	0.085917
4912	0.085821
4913	0.085940
4914	0.085762
4915	0.085868
4916	0.086078
4917	0.085952
4918	0.086193
4919	0.085898
4920	0.086046
4921	0.086062
4922	0.086162
4923	0.086459
4924	0.086082
4925	0.086136
4926	0.086093
4927	0.086167
4928	0.090213
4929	0.086237
4930	0.086220
4931	0.086398
4932	0.086414
4933	0.086324
4934	0.086476
4935	0.086764
4936	0.086528
4937	0.086625
4938	0.086515
4939	0.086742
4940	0.086898
4941	0.086709
4942	0.086701
4943	0.086763
4944	0.086814
4945	0.086889
4946	0.086974
4947	0.087212
4948	0.087027
4949	0.086976
4950	0.088660
4951	0.096432
4952	0.099303
4953	0.096270
4954	0.098585
4955	0.097333
4956	0.097372
4957	0.087612
4958	0.091886
4959	0.096604
4960	0.095622
4961	0.093674
4962	0.087474
4963	0.087710
4964	0.087472
4965	0.087552
4966	0.087566
4967	0.087632
4968	0.087709
4969	0.087547
4970	0.087630
4971	0.087706
4972	0.087770
4973	0.090626
4974	0.087785
4975	0.087884
4976	0.087958
4977	0.088076
4978	0.088036
4979	0.088123
4980	0.088557
4981	0.088115
4982	0.088169
4983	0.088034
4984	0.088298
4985	0.088228
4986	0.088272
4987	0.089902
4988	0.088527
4989	0.088409
4990	0.088505
4991	0.088533
4992	0.088429
4993	0.088462
4994	0.088551
4995	0.091693
4996	0.089054
4997	0.088638
4998	0.088683
4999	0.088735
5000	0.088893
